85
240
239
239
162
53
77
6
70
296
12
187
225
189
156
197
151
69
43
78
136
274
259
154
287
170
28
152
58
54
104
122
293
120
3
258
34
146
299
244
42
53
159
92
297
216
290
25
204
282
237
0
108
223
134
4
211
274
73
39
216
130
65
85
100
106
52
130
177
142
83
133
75
152
188
122
218
193
106
62
19
75
195
68
237
148
228
178
77
268
142
205
160
173
112
186
175
169
16
227
196
257
216
41
264
62
161
216
182
157
110
291
280
288
7
18
111
50
9
190
185
118
108
129
169
116
151
258
231
181
155
28
222
219
242
219
191
26
185
238
99
58
250
263
79
1
287
164
111
95
218
83
124
242
89
171
213
274
69
62
102
151
284
130
125
64
94
183
142
162
105
19
285
261
58
33
27
82
6
273
62
260
277
78
6
9
101
143
100
189
217
125
223
264
114
102
2
184
170
292
181
139
234
230
283
263
278
134
131
128
183
178
110
243
84
189
25
110
27
26
166
141
227
77
164
209
4
129
298
0
275
49
223
123
108
116
39
162
89
234
135
78
269
280
189
20
138
239
246
138
17
209
263
58
262
12
71
171
252
107
25
129
72
150
291
2
34
23
65
100
52
263
103
250
208
227
21
264
76
186
84
265
170
298
106
168
128
20
90
162
200
77
28
222
225
243
206
68
271
281
52
110
170
269
204
172
185
116
203
77
1
140
67
253
109
224
241
289
65
118
72
93
168
159
281
287
129
183
23
22
85
32
283
56
291
251
65
286
100
116
292
166
192
14
89
35
129
202
278
208
177
56
283
140
93
22
238
203
61
216
20
256
245
171
67
6
248
293
23
298
299
22
258
280
4
97
292
191
83
263
15
45
95
10
33
193
18
153
278
125
158
281
25
181
112
87
209
112
273
105
221
177
37
142
286
18

